 12
 
 C                    -0.45064   0.87983   0. 
 C                     0.94452   0.87983   0. 
 C                     1.64205   2.08758   0. 
 C                     0.9444    3.29609  -0.0012 
 C                    -0.45042   3.29601  -0.00168 
 C                    -1.14803   2.0878   -0.00068 
 H                    -1.0004   -0.07249   0.00045 
 H                     1.49402  -0.07268   0.00132 
 H                     2.74173   2.08766   0.00063 
 H                     1.4946    4.24823  -0.00126 
 H                    -1.00055   4.24829  -0.00263 
 H                    -2.24763   2.08799  -0.00086 